3 0.113636 1.101818 0.325 0.414545
2 0.509091 1.058182 0.168182 0.454545
2 0.206818 1.243636 0.472727 0.530909
1 0.081111 0.076 0.118889 0.26
2 0.074444 0.068 0.074444 0.19
1 0.065556 0.036 0.145556 0.282
1 0.284444 0.1 0.124444 0.26
1 0.07 0.068 0.145556 0.254
5 0.07 0.068 0.145556 0.254
3 0.411111 0.136 0.09 0.152
2 0.551111 0.058 0.161111 0.266
1 0.466667 0.162 0.114444 0.262
3 0.466667 0.162 0.114444 0.262
4 0.572222 0.174 0.105556 0.25
2 0.245556 0.184 0.187778 0.216
4 0.245556 0.184 0.187778 0.216
3 0.593333 0.356 0.197778 0.116
1 0.593333 0.356 0.197778 0.116
1 0.724444 0.518 0.156667 0.112
3 0.673333 0.302 0.167778 0.14
5 0.661111 0.44 0.123333 0.196
5 0.245556 0.184 0.187778 0.216
5 0.292222 0.386 0.197778 0.31
5 0.06 0.038 0.15 0.252
3 0.06 0.038 0.15 0.252
1 0.245556 0.184 0.187778 0.216
7 0.06 0.036 0.15 0.25
1 0.081111 0.056 0.142222 0.248
1 0.085556 0.116 0.113333 0.262
2 0.505556 0.028 0.218889 0.288
4 0.555556 0.354 0.126667 0.342
1 0.01 0.106 0.158889 0.256
1 0.035556 0.034 0.135556 0.9
1 57.0 0 0.168889 0.276
1 467.0 0 0.21 0.374
1 66.0 0.046 0.154444 0.242
1 55.0 0.042 1.8 1.0
2 0.089444 0.078 0.07332 0.26
2 0.301111 0.43 0.06554 0.226
