5 0.386199 0.580034 0.266344 0.192771
2 0.301111 0.588 0.208889 0.396
6 0.301111 0.588 0.208889 0.396
2 0.068889 0.336 0.217778 0.354
2 0.15 0.134 0.064444 0.144
3 0.15 0.134 0.064444 0.144
1 0.266667 0.344 0.106667 0.206
1 0.44 0.108 0.191111 0.386
1 0.528889 0.022 0.105556 0.25
4 0.245556 0.184 0.187778 0.216
3 0.245556 0.184 0.187778 0.216
5 0.245556 0.184 0.187778 0.216
2 0.245556 0.184 0.187778 0.216
6 0.245556 0.184 0.187778 0.216
3 0.245556 0.184 0.187778 0.216
2 0.245556 0.184 0.187778 0.216
3 0.245556 0.184 0.187778 0.216
5 0.245556 0.184 0.187778 0.216
6 0.245556 0.184 0.187778 0.216
1 0.552222 0.508 -0.028889 0.138
3 0.33 0.258 0.395556 0.498
4 0.33 0.258 0.395556 0.498
6 0.33 0.258 0.395556 0.498
8 0.33 0.258 0.395556 0.498
6 0.33 0.258 0.395556 0.498
5 0.33 0.258 0.395556 0.498
5 0.45 0.184 0.14 0.258
1 0.45 0.184 0.14 0.258
2 0.245556 0.184 0.187778 0.216
6 0.245556 0.184 0.187778 0.216
1 0.45 0.184 0.14 0.258
5 0.704444 0.32 0.078889 0.202
5 0.592222 0.094 0.083333 0.258
8 0.245556 0.184 0.187778 0.216
5 0.545556 0.198 0.073333 0.176
5 0.695556 0.256 0.047778 0.156
3 0.604444 0.206 0.051111 0.102
5 0.594444 0.396 0.073333 0.134
1 0.431111 0.508 0.048889 0.13
6 0.818889 0.434 0.03 0.136
0 0.245556 0.184 0.187778 0.216
0 0.521111 0.334 0.084444 0.186
0 0.682222 0.49 0.105556 0.182
6 0.688889 0.398 0.053333 0.128
4 0.526667 0.348 0.091111 0.192
6 0.643333 0.398 0.121111 0.204
1 0.526667 0.348 0.091111 0.192
4 0.643333 0.398 0.121111 0.204
2 0.245556 0.184 0.187778 0.216
3 0.45 0.584 0.074444 0.118
2 0.642222 0.25 0.072222 0.222
1 0.245556 0.184 0.187778 0.216
4 0.49 0.47 0.04 0.138
6 0.65 0.334 0.051111 0.182
3 0.65 0.334 0.051111 0.182
3 0.245556 0.184 0.187778 0.216
8 0.65 0.334 0.051111 0.182
2 0.563333 0.556 0.068889 0.168
3 0.245556 0.184 0.187778 0.216
2 0.245556 0.184 0.187778 0.216
2 0.57 0.258 0.237778 0.182
3 0.245556 0.184 0.187778 0.216
1 0.328889 0.468 0.206667 0.348
4 0.245556 0.184 0.187778 0.216
1 0.245556 0.184 0.187778 0.216
2 0.245556 0.184 0.187778 0.216
1 0.245556 0.184 0.187778 0.216
2 0.245556 0.184 0.187778 0.216
3 0.245556 0.184 0.187778 0.216
4 0.245556 0.184 0.187778 0.216
6 0.245556 0.184 0.187778 0.216
4 0.643333 0.374 0.032222 0.1
4 0.517778 0.162 0.081111 0.246
7 0.377778 0.572 0.065556 0.09
7 0.492222 0.51 0.131111 0.166
5 0.572222 0.278 0.047778 0.162
5 0.7 0.412 0.055556 0.11
5 0.558889 0.514 0.038889 0.074
6 0.245556 0.184 0.187778 0.216
2 0.245556 0.184 0.187778 0.216
3 0.693333 0.3 0.044444 0.152
2 0.558889 0.338 0.085556 0.182
4 0.245556 0.184 0.187778 0.216
1 0.245556 0.184 0.187778 0.216
3 0.245556 0.188 0.202222 0.248
3 0.567778 0.222 0.102222 0.206
4 0.245556 0.184 0.187778 0.216
4 0.708889 0.41 0.033333 0.15
3 0.517778 0.096 0.061111 0.2
3 0.592222 0.364 0.062222 0.152
5 0.56 0.124 0.088889 0.188
5 0.383333 0.536 0.073333 0.11
2 0.614444 0.478 0.126667 0.216
6 0.42 0.642 0.107778 0.25
5 0.346667 0.51 0.025556 0.068
6 0.774444 0.396 0.112222 0.308
6 0.356667 0.584 0.076667 0.016
3 467.0 230.0 85.0 74.0
1 286.0 245.0 77.0 98.0
2 320.0 0 0.252133 0.446
3 0.203333 0.538 0.052924 0.202
