2 0.321111 0.114 0.357778 0.706
1 0.321111 0.114 0.357778 0.706
2 0.321111 0.114 0.357778 0.706
2 0.235556 0.098 0.474444 0.716
1 0.235556 0.098 0.474444 0.716
1 0.244444 0.22 0.148889 0.262
2 0.244444 0.22 0.148889 0.262
1 0.276667 0.066 0.333333 0.644
2 0.494444 0.212 0.097778 0.272
1 0.52 0.35 0.13 0.188
2 0.528889 0.164 0.064444 0.16
1 0.245556 0.184 0.187778 0.216
6 0.245556 0.184 0.187778 0.216
5 0.245556 0.184 0.187778 0.216
0 0.245556 0.184 0.187778 0.216
1 0.548889 0.182 0.056667 0.114
1 0.508889 0.254 0.112222 0.208
6 0.682222 0.282 0.042222 0.124
2 0.245556 0.184 0.187778 0.216
0 0.576667 0.634 0.073333 0.094
0 0.576667 0.634 0.073333 0.094
0 0.442222 0.496 0.076667 0.152
0 0.57 0.244 0.141111 0.266
0 0.201111 0.614 0.07 0.164
0 0.201111 0.614 0.07 0.164
0 0.312222 0.512 0.047778 0.122
0 0.201111 0.614 0.07 0.164
0 0.744444 0.64 0.068889 0.128
3 0.44 0.57 0.072222 0.14
4 0.526667 0.286 0.156667 0.386
7 0.245556 0.184 0.187778 0.216
4 0.707778 0.586 0.05 0.144
2 0.245556 0.184 0.187778 0.216
3 0.245556 0.184 0.187778 0.216
1 0.245556 0.184 0.187778 0.216
2 0.421111 0.524 0.145556 0.098
4 0.56 0.206 0.105556 0.206
1 0.245556 0.184 0.187778 0.216
6 0.245556 0.184 0.187778 0.216
6 0.526667 0.262 0.138889 0.224
5 0.511111 0.164 0.087778 0.312
3 0.245556 0.184 0.187778 0.216
3 0.356667 0.528 0.078889 0.216
5 0.557778 0.46 0.126667 0.202
3 0.451111 0.234 0.167778 0.314
1 456.0 211.0 151.0 177.0
1 0.345 0.033333 0.677778 0.924
1 0.215 0.038333 0.252778 0.332
1 0.031667 0.033333 0.25 0.098
1 -89.633333 0.043333 0.525 0.836
1 -89.61 0.065 0.620833 0.88
1 -89.503333 0.225 0.220833 0.35
1 399.0 41 0.465278 0.768
1 400.0 0.06 720.0 1.2
1 87.0 0.07 1.44 1.2
1 -0.013889 0.024 0.691896 0.908
1 0.002222 0.064 0.643288 0.842
1 0.12 0.078 0.769128 0.876
2 0.255556 0.356 0.044144 0.178
3 0.166667 0.59 0.05916 0.174
5 0.275556 0.452 0.069708 0.314
2 0.307778 0.536 0.050616 0.228
